0	5	10	15	20	25	30	35	40	45	50	55	60	65	70	75	80	85	90	95	100
0	0.634935186014089	0.90127944335568	1.07515968391845	1.30766314559698	1.42849649048507	1.56102792716476	1.94829037688189	1.84974922811576	1.7318082208951	1.96848298881851	1.86740519023732	2.12356662663494	2.15196190273049	2.38324372944154	2.34258962204976	2.32397225540131	2.40970166657613	2.22975429078853	2.31462760303143	2.48952263260039
0	0.634935186014089	0.90127944335568	0.869442211214356	1.34969236232709	1.35253647590001	1.47174878522924	1.6376943909362	1.76568308867042	1.71907770787382	1.94438895983778	2.09155272377556	2.09685763147945	2.0838788970761	2.2643475193718	2.38089949112631	2.3729968141807	2.31794630262292	2.45519936119347	2.58853397050387	2.60095893210223
0	0.634935186014089	1.11308799907106	1.07515968391845	1.30629251208529	1.6021382565672	1.62450727593566	1.71012997553865	1.77037004937253	1.57596340115792	1.83565832104253	2.11432009870727	2.08730942428127	2.0376040427719	2.45454643673531	2.41795815139093	2.40179220077337	2.37562213944571	2.57428407174413	2.20573091363473	2.3809775626818
0	0.634935186014089	0.90127944335568	1.07515968391845	1.26591542932281	1.45161240587689	1.50232675795709	1.76160086274278	1.93957857308567	1.60500130379221	1.89316687682758	2.08912401218792	1.94038248593225	2.03372073283072	2.36731109598633	2.21284557615279	2.43411848633432	2.35948186806422	2.53646106806819	2.37921071353013	2.51800378489538
0	0.634935186014089	0.90127944335568	1.07515968391845	1.42242274975374	1.36912608103025	1.43646012832142	1.59274878619244	1.79518638436113	1.6049048806471	2.06827010582532	2.18715735117514	1.97026337668382	2.06045053051571	2.2786622983236	2.37386166887677	2.36084323190029	2.3913834823626	2.38785990258461	2.44571876593355	2.3668831714065
0	0.634935186014089	0.90127944335568	1.06709757054187	1.30766314559698	1.62651524402631	1.52651856606658	1.94829037688189	1.76573979497628	1.72493316091114	1.83910077214214	1.96141568694467	2.15352409293554	2.22569238911302	2.24699499594476	2.32642096000058	2.3795932684046	2.50822189771666	2.26061512016022	2.50023262280821	2.42676743886901
0	0.634935186014089	0.90127944335568	1.0397189211615	1.32215334000376	1.18603589754189	1.5282696893298	1.67912280115574	1.79073593785507	1.71131970295891	1.95975429580114	2.22043919044912	1.99305304706531	2.2253738072077	2.30544984786478	2.3306929321465	2.24069153246868	2.48352988361005	2.18970729896254	2.12809989061421	2.26552877208862
0	0.634935186014089	0.90127944335568	1.06709757054187	1.30766314559698	1.10814986720501	1.52423862265688	1.67633638857252	1.87278058990824	1.57035447804545	1.85213676950477	1.98635568924529	2.10996509549727	2.00320673951948	2.34235075558212	2.39068833289906	2.37932511261772	2.16744067916369	2.40363466605198	2.36626646161211	2.46157406749319
0	0.634935186014089	0.933939091448007	1.07515968391845	1.3244894671247	1.47671431690761	1.28636131330569	1.81708447449564	1.96568151497838	1.62650277447569	2.12670578680052	1.93833159939776	1.8537975930274	1.992462637863	2.23950742901505	2.296355997647	2.54062666077871	2.5191021814641	2.41545359462839	2.65011380541869	2.26047584315884
0	0.634935186014089	0.975863558255337	0.773505625480055	1.22644508979682	1.36095798862384	1.44121720990617	1.94131055088948	1.60009128245198	1.44440976453853	2.05552813450078	2.10322611378206	2.02911340226359	2.10254010633895	2.3070279610513	2.3638931904397	2.35667379269774	2.47105534981867	2.32597832841707	2.46977428384996	2.28333994245925
0	0.447636713643326	0.656945279991513	1.44005878517273	1.12035063596032	1.49420236045686	1.71609751062251	1.39625379529442	1.53972372261408	1.78504554059864	1.88101101079958	2.11416056276078	1.98854544187707	2.08802999531286	2.24212987995316	2.32402499667002	2.32674684986055	2.33565339286167	2.44988431547395	2.416490789258	2.52304732866746
0	0.447636713643326	0.656945279991513	1.44005878517273	1.08782231854743	1.50638727654478	1.70788020114441	1.5879380722819	1.81720009768449	1.69229406329961	1.95939080328742	2.2911501459046	2.11941451749401	1.87563785851636	2.23424787611902	2.26469472397645	2.31049582235978	2.30372945921363	2.35702823631706	2.33638556009056	2.53916816754513
0	0.447636713643326	0.720715743584401	1.44005878517273	1.07083576711048	1.49420236045686	1.84266007033878	1.45026679551522	1.59423311361906	1.72229460218458	2.03138369675854	2.29550846295339	2.06586600584325	2.14105766264455	2.24449822754971	2.26208811166816	2.36396184040411	2.30629450961467	2.40873449909788	2.43012652674332	2.20364483477071
0	0.447636713643326	0.656945279991513	1.24136484037724	1.22204336742863	1.38886210686721	1.90233514011521	1.39203679909554	1.55784913447248	1.81330190418413	2.03603619418979	2.19232766727355	2.03785431731756	2.22917390499432	2.15796523379727	2.08916390270571	2.2211464853894	2.22727521297267	2.36671701055543	2.24996198532815	2.31221506017891
0	0.679434007517317	0.598814995079931	1.47780168008385	1.14000825281246	1.4075467868633	1.84720434216829	1.39625379529442	1.59215846835053	1.83125302326974	2.12891670117417	2.11416056276078	2.05572170206986	2.13235140473038	2.06443588570678	2.31518912832479	2.47823753196332	2.40932116803567	2.39046870963164	2.6566361678743	2.47409063697842
0	0.447636713643326	0.598814995079931	1.44005878517273	1.12035063596032	1.41826237826752	1.59506672479154	1.41312159180189	1.5059989577748	1.81150832939925	2.0916376691228	2.03997002879875	2.34422649672761	2.08355383312626	2.02866165995476	2.32037359491405	2.337667294349	2.33654087307771	2.29343754456484	2.4399361718084	2.4968225671426
0	0.447636713643326	0.656945279991513	1.08590713173702	1.07827607082304	1.5047899740653	1.70788883212365	1.39625379529442	1.4530745337994	1.91134798866701	1.97979084496735	1.81620908885907	2.13078030970885	2.16271134819334	2.1134618846186	2.24972409206126	2.41930657928253	2.39014369688242	2.35400994750591	2.47400689365431	2.54623401236833
0	0.447636713643326	0.656945279991513	1.46537661497861	0.936236189860773	1.39881112088197	1.80123815885754	1.49545439822772	1.58729661774635	1.64718577727053	1.91165712617339	2.25778847186378	2.16807058269076	2.17559986995177	2.44137525586527	2.16121463765942	2.29813775304985	2.43770282874147	2.32319884187905	2.15721028253866	2.53096894046426
0	0.447636713643326	0.598244522053325	1.44005878517273	0.856970054386029	1.45098616758948	1.7701823393332	1.39625379529442	1.52016278248483	1.60466946254798	2.01415860361065	2.27466230054583	2.1216687999263	2.16215840056192	2.11580007719078	2.513462432826	2.39229562924879	2.29406875182488	2.37143054896652	2.35482866036658	2.32763786015833
0	0.447636713643326	0.84831254625984	1.08734499496864	1.12091358256264	1.58453727957797	1.79767994096546	1.38901323716006	1.5274064244114	1.96912734824919	2.05182359700588	2.19325154983304	2.17503352293612	2.29643146117403	2.23540425450789	2.21169727858514	2.13005371357633	2.43783836316503	2.37937495592135	2.47845866586372	2.45859932041144
0	0.560895611537245	1.33660861750619	1.32757840386485	1.08691613552871	1.60203689984014	1.25076155295524	1.65520327671561	1.89901414028429	1.72662633065732	1.3715769786222	1.97295958507565	1.96098590619275	2.21690286957772	2.42160146971171	2.2850341639732	2.57739605557062	2.292090417572	2.49475012484102	2.55544566519137	2.45241000376762
0	0.560895611537245	1.33660861750619	1.32757840386485	1.08691613552871	1.60203689984014	1.25076155295524	1.78536116756808	1.82217884912962	1.64184234902993	1.81972615692594	1.98826073534209	2.17225905006847	2.01380370445602	2.24145153643901	2.39774433919122	2.37996516817191	2.16246077813327	2.45672322653093	2.39347075307665	2.4385750586122
0	0.723013772411262	1.32641212796358	1.32757840386485	0.851802315843528	1.56036504904074	1.11727705842882	1.76730209725181	1.76507425219428	1.68153853519782	1.87415973288529	2.00141073328884	2.01853896923091	1.97274379400185	2.41997545514812	2.39110700531815	2.38285970150771	2.14484512773085	2.21885474924799	2.32123780227886	2.50301892301946
0	0.680510325971466	1.33660861750619	1.33831182100208	1.2486642451379	1.66829495459112	1.25076155295524	1.82995884326039	1.90589194406858	1.56526341749808	1.53900467269819	2.04590580281525	2.06819806593104	2.10484046321097	2.22882492717592	2.43535399975241	2.39235087409554	2.15637807349498	2.44904518387681	2.37705071237324	2.52260035219911
0	0.560895611537245	1.33660861750619	1.32757840386485	1.13085988144219	1.67099038233184	1.22686536506064	1.61777841080184	1.84811298603679	1.4497025542528	1.63676273178272	2.07352123213517	2.00528489324393	2.01311343799136	2.17414034064117	2.49547011975249	2.35112525205349	2.26872333521977	2.3660064764667	2.43398416398101	2.51950571317997
0	0.560895611537245	1.32641212796358	1.32757840386485	1.10968762388879	1.5772324849087	1.44389383434418	1.71862145937111	1.90684811750092	1.9036650401388	1.55267606295939	2.04683452823624	2.05435016644261	2.03265753082996	2.53900672072849	2.26742461831493	2.54345035184982	2.42556044849535	2.29386474615748	2.51912347411523	2.42672947886453
0	0.560895611537245	1.33660861750619	1.32757840386485	1.2686964544202	1.68377548006162	1.20722049918396	1.73500084323747	1.89345600610451	1.67229921789891	1.65726795381211	2.04849847229856	2.08920402392164	2.10476301708323	2.09169341148923	2.33203269421076	2.24531292901155	2.20583427673081	2.30846658148493	2.42271717076057	2.57592488733628
0	0.560895611537245	1.33660861750619	1.32757840386485	1.29938915111103	1.67131299109351	1.29390881276215	1.65520327671561	1.83839551640049	1.78813250353205	1.66864664626692	2.01072541694966	2.2308405342298	2.02524139892078	2.2959696893987	2.29683463313043	2.44176552786873	2.12018081504233	2.34556333299391	2.29130098192014	2.36412230986319
0	0.603441174504745	1.33660861750619	1.34611307074017	1.2486642451379	1.46921769444471	1.36064947657489	1.70255489205192	1.68348124238464	2.14595256509164	1.68330172204213	1.93408050690686	2.14935146769127	2.02165496522991	2.2128572780783	2.34580964775945	2.39238903801431	2.27191949282075	2.27774497095238	2.3857761462894	2.37863350521417
0	0.560895611537245	1.33660861750619	1.32757840386485	1.08691613552871	1.54951308520574	1.44010701388686	1.71780497735168	1.76367684887924	1.78948516085534	1.70357168620956	1.90104945377646	2.01179052607608	1.89400760289781	2.30325077759784	2.34935581697861	2.5805367931609	2.2216022685902	2.44092906649011	2.50358376876151	2.12314036556418
0	1.1995071516473	1.30394909463941	0.628416471779278	1.46309279426488	1.83299187220278	1.53451002717747	1.49696258677704	1.83188812437435	1.4734941627494	1.73259276938089	2.04538049263388	1.97840261339848	2.23422267373722	2.21259820001737	2.34433293235237	2.31422938874638	2.34545587970296	2.51464153750848	2.47961982708867	2.41618679788567
0	1.1995071516473	1.30394909463941	0.574296229643987	1.06997929946986	1.69763718958291	1.52995479593207	1.51696018848553	1.93341902186423	1.45405550300228	1.86311253405542	2.11929320727319	2.08143105966033	2.46201271321305	2.1724695969971	2.32954830027022	2.39454387604222	2.39605317880865	2.5416251407911	2.39649061677241	2.44658225772948
0	1.1995071516473	1.18408326319005	0.574296229643987	1.19840052577653	1.72413450569507	1.46817934689741	1.42913482094686	1.69987767244871	1.4275920990278	1.74358331411208	1.97105662628283	2.04552222166494	2.31398343304114	2.11988181440752	2.1938463749942	2.29231646704102	2.47438048504555	2.43993673629616	2.41921365981033	2.31473408773616
0	1.1995071516473	1.30394909463941	0.710469924498351	1.26053330915431	1.60001948162681	1.55063808144631	1.46372573417362	1.75277431101168	1.23238080425215	1.73760587303757	2.09774936629909	2.19660737459568	2.15241184572311	2.11094815202713	2.24108668937002	2.42677702633124	2.36084374961962	2.44594901680095	2.38305753535169	2.43857861868426
0	1.63458456782178	1.16953294649683	0.705752362416696	1.14045869067038	1.7558249329032	1.53451002717747	1.59727730248755	1.74257263181171	1.37283633998692	1.7413323364688	2.25962401247725	1.89843163271191	2.47554575934459	2.17419086541195	2.13902372794688	2.31582101452763	2.32699558582494	2.52267566332925	2.54227442055916	2.44504134615175
0	1.16272299893989	1.20702012872889	0.784886063413798	1.41660558806325	1.83299187220278	1.52160682114623	1.62502484389043	1.70463714784005	1.56839511189178	1.79960042401599	2.30736524927775	1.98519721328575	2.40730990016834	2.06074571751989	2.33045155948008	2.3753654354772	2.42850572970193	2.41987320299614	2.31971477044232	2.34199181578896
0	1.22820767196179	1.30394909463941	0.628416471779278	1.27248327854472	1.83299187220278	1.4975011001097	1.66664825546185	1.56940445441627	1.50320242178984	1.51946519537209	2.180518846888	1.95452959924524	2.1412567281644	2.20955484580529	2.38763950846181	2.18505400424436	2.2669054958326	2.43222409515891	2.48593299085142	2.39512260397602
0	1.1995071516473	1.20702012872889	0.574296229643987	1.46309279426488	1.77651601077217	1.65919182200359	1.61436201342647	1.83188812437435	1.55499490089474	1.86703767420536	2.11334605303283	1.95662878497035	2.2635188852056	2.14830806275094	2.17717139391572	2.34079317116789	2.19812858930188	2.40871028606805	2.4651899199393	2.54674635909039
0	0.643814106797607	1.18408326319005	0.636210542415982	1.38303310259064	1.69763718958291	1.55585161130248	1.638733810523	1.64521718723348	1.4734941627494	1.79525750933457	1.83513521444948	1.99696198639946	2.33726648161514	2.51003622517468	2.34780148477774	2.47930692569559	2.28728109857391	2.4061558019883	2.36791546171545	2.37036920662879
0	1.1995071516473	1.2797607444518	0.628577851027659	1.46309279426488	1.15788521786944	1.48018399893332	1.5073602234797	2.07701437629235	1.5032396730309	1.60395441961193	2.07104782410557	1.97202845694495	2.38363769529469	2.09407440019821	2.41101518998499	2.46437456720056	2.28223840115737	2.64091640464685	2.45804899258171	2.45973226110467
0	0.960863627522605	0.613876819242761	1.04477428151822	1.53484498170953	1.57558015069648	1.54046632838832	1.72464450921471	1.84156709645465	1.73809415960835	1.91183515476745	1.83298562754058	2.31333695816939	2.06324784943834	2.24711172430873	2.25133201934533	2.20959160069367	2.55351766745718	2.39087453630773	2.3920357166084	2.34694866589882
0	0.960863627522605	0.613876819242761	1.08549257952563	1.32413201314895	1.42657767474901	1.57595963293768	1.70784979499221	1.83381403638832	1.63325538322388	1.92387791673147	1.77399879904554	2.37978994277217	2.03734092544418	2.17680031267809	2.28101866704406	2.29442289637808	2.49615681120206	2.36683254940625	2.32512798362756	2.53398860687938
0	0.960863627522605	0.613876819242761	1.07660254501137	1.34221715178375	1.68487659437457	1.55224501408489	1.7545516595193	1.7176257208973	1.84681725884021	1.71761837063084	1.9105164453538	2.34159711571842	2.05438944508847	2.30200543020495	2.24040659030726	2.29476432125655	2.40826787448144	2.34015579387514	2.55340109602725	2.48730377540429
0	0.960863627522605	0.675010880261929	1.04477428151822	1.46877889041973	1.14371569906914	1.58975065735728	1.79306263942451	1.77988406088074	1.69297064199092	1.6394761338371	1.83298562754058	2.14699306406594	2.0111603107418	2.24632671589447	2.30678755939082	2.47418092489092	2.4567207349156	2.33789907011613	2.57311141591876	2.42085754213477
0	0.960863627522605	0.613876819242761	1.04477428151822	1.34221715178375	1.65684364391653	1.51927240556451	1.73346946561373	1.72758704576535	1.82479164413172	1.55767091939634	1.84146836530223	2.27482422906506	2.06081159466503	2.25966133820854	2.20469101863058	2.42206986246764	2.38026813154174	2.49300254598948	2.15913674968741	2.49274929914743
0	1.05777402598526	0.560529621077099	1.04477428151822	1.46005083234966	1.71762535290217	1.50491787269623	1.61490307577943	1.74647859556827	1.74017925103459	1.6319403086862	1.91800494940895	2.21220402726113	2.05859598165273	1.89893031301465	2.29799931765219	2.22440124181943	2.508989654511	2.42191229417604	2.31861965905505	2.28773807939206
0	0.960863627522605	0.613876819242761	1.16674534484	1.56783940025148	1.21170694733612	1.6057747317684	1.8248397941077	1.74645053169152	1.88856789499377	1.826890205078	1.84182762622652	2.36251591018961	2.22124416734951	2.13905632710617	2.31170835476356	2.31840667800793	2.51164964950274	2.25862228114522	2.53014303112398	2.53255178013706
0	0.944418207570885	0.613876819242761	1.04477428151822	1.53484498170953	1.57300526708576	1.59443119072071	1.72464450921471	1.82702311862855	1.76247812849238	1.74399415663984	1.83425904041459	2.45709545906354	2.0303954381125	2.36917246510282	2.42089952090319	2.34622208597413	2.47784735249693	2.44937901638081	2.29893741055327	2.50768099473231
0	0.960863627522605	0.613876819242761	1.04477428151822	1.20363610286146	1.5112865957841	1.54046632838832	1.7952404313457	1.75210404517749	1.81346906802111	1.69201619968477	1.84940868232445	2.26470453257572	2.32102480480889	2.09710533454321	2.05619885192796	2.36770355562603	2.27331302565394	2.39258819943159	2.44213531396811	2.31691224075934
0	0.580121503563571	0.613876819242761	1.04477428151822	1.53484498170953	1.19651497486117	1.43661788078843	1.71742586259041	1.72259502024129	1.6912533504298	1.57501995036137	1.8954195598215	2.19198361436453	1.97773214911461	2.1588870987046	2.25125135997144	2.21028030506875	2.37569024843517	2.41124689163156	2.15250040281512	2.37582353761519
0	0.950937041495469	1.09891229776726	1.10951937789098	1.14877567576861	1.4868020100366	2.03318544839967	1.77897611860266	1.85840620164152	1.86654092491993	1.93066495832138	1.65787703355053	2.32035865865632	2.06690396871701	2.21371120417181	2.15426345685225	2.33261418543154	2.4162888646085	2.39763775736865	2.37087524914702	2.38316561547642
0	0.441448491414712	1.10445860525849	1.07818910777312	1.14414566096745	1.41520784908921	2.02050725641959	1.78269468072398	1.81607300194317	1.89631409507575	1.95811929039764	1.62378847954398	2.38857343145204	2.00184961692075	2.38693893206881	2.28385617923485	2.36065214281842	2.20776155025879	2.25137343252668	2.32210752490955	2.41121785770187
0	0.890636021147619	1.09891229776726	1.10951937789098	0.894686591739608	1.21385070615137	1.81192857323402	1.38255532492289	1.93767194817209	1.80130653945574	1.82775721299615	1.76302425216402	2.43685249110891	1.96348065325041	2.21365298531389	2.4247902322009	2.40268188733809	2.26564023980372	2.28902148118333	2.42411166678571	2.47952807777952
0	0.950937041495469	1.09891229776726	1.10951937789098	1.20712204713875	1.20268732702026	1.95157842612845	1.77897611860266	1.94519504022872	1.87110802259173	1.68811243625064	1.54972067328167	2.14112513149158	2.07505225901756	2.37254826309276	2.22671943358048	2.4437199758582	2.48073465060245	2.41388591311813	2.36418093009524	2.49958834391143
0	0.950937041495469	1.10467070520901	0.913922239334221	1.0893212595891	1.42648993433339	2.04078534309712	1.44955615122083	1.74697175149336	1.84777847713832	1.88561831387894	1.77082670102601	2.02839433096145	2.00297410082705	2.37387275995403	2.37067186195028	2.53864195405508	2.42256007760427	2.22996238952946	2.49815228699846	2.38608284585691
0	0.950937041495469	1.09891229776726	1.19682659981128	1.14877567576861	1.3057745091093	2.05037333859228	1.7317390811103	1.8341904810875	2.09700842436678	1.78004361688404	1.5960363451058	2.20777586277022	2.10928776740906	2.38964413092149	2.51915812358273	2.3136907895372	2.40975032809338	2.39186788406978	2.43935029878952	2.43721674731067
0	0.950937041495469	1.09891229776726	1.02921617729181	1.14877567576861	1.62802096625954	2.0525929169494	1.61333958973795	1.90829449351187	1.82188186793127	1.85364485347159	1.67221941100533	2.07332331142345	2.32668391723054	2.39195771013477	2.46301443941017	2.4936993667841	2.30984337800221	2.6476600475016	2.42229803806951	2.1870678813697
0	0.950937041495469	1.09891229776726	1.10951937789098	0.987743172382129	1.38198732822688	1.92539694480473	1.50740136883869	1.61129257580927	2.1618475645709	1.90798983643626	1.69284059284185	2.1253584473604	1.9950088262287	2.18843660181088	2.52129029882528	2.36787201996905	2.32833431304666	2.517687140732	2.42071201745495	2.35612936825143
0	0.950937041495469	1.09891229776726	1.10951937789098	1.14877567576861	1.19007680259987	2.05037333859228	1.4635230640203	1.81248307237737	2.03940907503339	1.74979089907267	1.88598743234973	2.34189537218564	1.85431373938839	2.37503573121366	2.33026702846668	2.53462179643188	2.24240560015443	2.29117782182649	2.43942636539806	2.25913644272428
0	0.950937041495469	1.09891229776726	1.23473873050944	1.14877567576861	1.38083358092237	2.01366941211243	1.56139969332802	2.04134988741403	2.04510968897425	2.02121179271438	1.51364873389061	2.02136508065291	2.20620557261136	2.25950593061762	2.55015831396121	2.26405023758432	2.30228175590354	2.42915227535443	2.4107247455377	2.44403350115122
0	0.320471877411316	0.60273699897591	0.806910909949216	1.27509712278211	1.41671629169127	1.17876331711094	1.6874114710708	1.72451642144422	1.86866293546328	1.56609675166313	1.80065469854669	2.31906224896663	2.33490957700046	1.93487026966674	2.43921037247091	2.26932269098463	2.2230139887713	2.37399665214533	2.40078802583028	2.40861850310045
0	0.320471877411316	0.60273699897591	0.806910909949216	1.21187312168819	1.37089529797076	1.41054481627832	1.66228161565098	1.79031714334853	1.9868616661422	1.55772963517392	1.95431217849805	2.20853965950731	2.41606985001878	2.14182642750702	2.47038071225973	2.23094191489947	2.24060695539534	2.40802856907105	2.46950584577971	2.4074862912798
0	0.320471877411316	0.677372144644119	0.897724395423264	1.27509712278211	1.43256158046424	1.37916793687682	1.65831774410218	2.04709796401888	1.9308349226998	1.79111708734054	2.03667512854925	2.32195286921003	2.2756583687632	2.14703899680092	2.33916504791644	2.23323589118689	2.39088353619621	2.40939200353792	2.43590091701831	2.49941980368517
0	0.320471877411316	1.52707053930106	0.838821380892136	1.27509712278211	1.24909925249509	1.60392737478628	1.84153303750398	1.9202683885173	1.60659956682999	1.44750608076074	1.94079080915923	2.37540769502986	2.08531183698078	2.32702923669574	2.19002895512272	2.12235199976079	2.35699866352116	2.35767761481165	2.41513583489905	2.42191185587298
0	0.320471877411316	0.60273699897591	0.806910909949216	1.36102114573017	1.35728265190482	1.48985674428716	1.29275083008981	1.79415076571528	2.06590748889076	1.55011583044581	1.88108802791128	2.30881899689588	2.22337876424205	2.03286568243215	2.52858914426114	2.27057707257704	2.09868089843174	2.34045686599808	2.32917544128403	2.38697297909688
0	0.501450085194867	0.550509616276068	0.806910909949216	1.35270887405549	1.31518063472306	1.40541837069334	1.8211001344061	1.59339944838044	2.16676788331393	1.44955577537182	1.85107999581864	2.11036069160845	2.13662871566712	2.21443080744157	2.44949644365854	2.21585902483325	2.17903738974404	2.24393914453502	2.07338727537579	2.50287326667842
0	0.33811623025462	0.60273699897591	0.700723063078245	1.27509712278211	1.42917288427315	1.53476568344026	1.63066513309646	1.72819176999643	1.96629886927451	1.54615405800671	1.75332972876528	2.27259089024363	2.37510308326794	2.23842295617538	2.35428687316384	2.28904814432709	2.27748569332922	2.34606788575879	2.37302206774846	2.47727394556249
0	0.501450085194867	0.60273699897591	0.63310933206915	1.2691968841718	1.40703652419187	1.17876331711094	1.47178116892817	1.64692419952546	2.07624573098645	1.60321208023701	1.84424834190894	2.12855366428106	2.21120487169437	2.12374783260829	2.32851791037648	2.44138039753773	2.49217590362123	2.19686126629545	2.46470706573368	2.59153086104035
0	0.320471877411316	0.56929525796001	0.870743764337212	1.27509712278211	1.51811565836338	1.32762409479569	1.68964547304309	1.79317840960255	2.16531443715363	1.57856237160685	1.92526009257631	2.33679732503284	2.30069441159989	2.16289422840666	2.33336726522465	2.2848194626026	2.30643096753395	2.38639139941358	2.41050828430601	2.38805838463008
0	0.320471877411316	0.60273699897591	0.818006458347934	1.26702194074084	1.41671629169127	1.18656674684534	1.63400822974182	1.84432043288349	2.11080053329147	1.61447970370552	2.05190991519432	2.01543823884844	2.44765972938464	2.26821379660833	2.57272636532117	2.044462876641	2.31293146686059	2.44546947998504	2.27296134909704	2.52262428941123
0	0.680362097083775	0.875058145668605	1.06991681587263	1.37751496779725	1.57525947954792	1.53306117243094	1.51494436516582	1.58648748199556	1.68832452054567	2.03831583540485	1.90539564109631	2.56223610698675	2.50044632470717	2.24521919623147	2.17056523900593	2.32437534340624	2.27714119805347	2.36854806281401	2.39823649704392	2.5066837902115
0	0.680362097083775	0.799828868388581	1.05013594290072	1.37751496779725	1.52137734741451	1.26491031757642	1.40852504461725	1.50845137449807	1.7520720682416	2.0998556880397	2.0366520903742	2.3601017855978	2.44917120644004	2.32649587931574	2.16609669606364	2.29974807467372	2.60990583677254	2.33799930671208	2.39025054573843	2.39861802118671
0	0.744765754936291	0.838628119241263	1.06991681587263	1.37751496779725	1.57525947954792	1.53306117243094	1.31797475691593	1.60747611147887	1.90849054882387	2.05473956635333	2.13821588574281	2.39399607619432	2.3712560218916	2.40455287038515	2.25333124037542	2.19981771385061	2.40070780461933	2.16327168379478	2.3333604834609	2.55543635280208
0	0.680362097083775	0.875058145668605	1.06991681587263	1.37751496779725	1.58366671707008	1.53306117243094	1.75575148430891	1.61813376829922	1.57214073799728	2.13590034802354	2.0174398926005	2.45519564497528	2.4655072465214	2.34615749901696	2.08479325663839	2.39243569642184	2.29130872794744	2.38016211302758	2.44362848407676	2.41000765269162
0	0.680362097083775	0.875058145668605	1.06991681587263	1.37751496779725	1.49595566347671	1.33317145915197	1.37120220791985	1.70467820928328	1.69775561584394	2.10768525965908	1.87391470401395	2.24870216766732	2.36312228498407	2.15576035924269	2.20025951963223	2.41100916634639	2.38277890581206	2.25720775324379	2.33878739700882	2.39977333113687
0	0.680362097083775	0.799828868388581	1.11174016389145	1.37751496779725	1.57427895111667	1.2904556724462	1.71623532505351	1.67836160526484	1.40932962653694	2.14223801603268	1.93613513746434	2.19331644395121	2.53611853413167	2.33908298650299	2.10619583904442	2.36639155202752	2.38214036848509	2.18381425036626	2.50161995850953	2.34966621944961
0	0.680362097083775	0.843599942560235	1.41045292647224	1.37751496779725	1.58157113695412	1.48472893282686	1.77471768054115	1.64394627920505	1.64693846191906	1.83840754442468	1.98763947517275	2.31045993706254	2.24794156780566	2.22544641166579	2.05795238826077	2.37882629160203	2.55469494618137	2.0642024179644	2.42077425690047	2.36063060782682
0	0.680362097083775	0.875058145668605	1.06991681587263	1.37751496779725	1.62403019097442	1.56042630207085	1.5422158391843	1.62958236838186	1.81935445830412	1.88407393867201	1.99942248985582	2.26224928726075	2.23820620701549	2.36484993369312	2.08837145893828	2.34649962783902	2.44463467227471	2.33418879135851	2.59664570637654	2.34809142575513
0	0.680362097083775	0.875058145668605	1.06991681587263	1.42380814157851	1.52875411105862	1.41854549462427	1.88636238558552	1.70031984229297	1.63527288583507	1.69709428183044	2.35370073730879	2.45631675080868	2.29996096379991	2.2156353262502	2.10835615869729	2.40746744810113	2.36079944463606	2.30783164817849	2.41887613371172	2.47139376546501
0	0.680362097083775	0.877261579382689	1.67159417384259	1.37751496779725	1.66738625500858	1.54321242719097	1.21487885124863	1.53249390632272	1.69585123576992	2.0773685625365	1.78543011567025	2.04336044128225	2.52283405941262	2.36849361192667	2.11940857784135	2.36898697992855	2.42465443137273	2.37305516164411	2.50419993325936	2.44339011393684
0	0.472556490743463	0.993391333012419	1.22508015296848	1.25100582051097	1.65012723953234	1.43730617422452	1.40100011507996	1.25051385609019	1.88374826067348	2.15543450214061	2.09544989196789	2.06116533796251	2.13582016597856	2.36376818562121	2.21853982805528	2.2771803859752	2.45211409325344	2.38809042280241	2.50848998599977	2.46093461031603
0	0.472556490743463	0.993391333012419	1.48864116845839	1.25435324351209	1.78195059096409	1.60429395776605	1.53591170994026	1.55322423583797	1.78560107889466	2.18787939175963	2.0641254686632	1.97751802113959	2.00497504090036	2.27071137786776	2.28613904991276	2.33025686513402	2.44132674661828	2.5435468608972	2.4263226061485	2.40885004340824
0	0.472556490743463	1.10282259708201	1.22508015296848	1.23039816714212	1.65012723953234	1.72080640076736	1.73486716515206	1.40667185684714	1.88374826067348	2.21057828446893	2.09466820981547	2.26823534495172	2.36943550870367	2.32152902235457	2.28436103524229	2.2640026800872	2.37459789005508	2.33219849740345	2.47686352590366	2.36161261464589
0	0.472556490743463	1.03184634014198	1.00183353097803	1.25435324351209	1.65012723953234	1.70252663545235	1.42806256887177	1.23274990582437	1.87367578353814	2.13392384017577	2.16817136987615	2.13720241563272	2.10649008417321	2.39273991333821	2.2107059008249	2.37615753579575	2.53102076827993	2.44915769102616	2.3078485162146	2.44430661206378
0	0.565982874037307	0.993391333012419	1.22508015296848	1.25435324351209	1.35648545750093	1.515494135148	1.51482003915247	1.51274427109706	1.92109622193999	2.12624458285035	2.07850900136871	2.13789308436884	2.14402406835399	2.43765073642909	2.38822305578099	2.09275290441485	2.42104445767649	2.60990492096938	2.36879829157401	2.36390902246325
0	0.472556490743463	0.993391333012419	1.2839498314749	1.3695920724907	1.61960666301079	1.52294484489367	1.51700169054229	1.57289008415139	1.84067318897277	2.23159864644411	2.11875929527459	2.12082689923042	2.14820704498882	2.31083415685498	2.20189591392859	2.26599639999708	2.465998833063	2.44571205986517	2.41693269687893	2.4179144507562
0	0.472556490743463	0.993391333012419	1.27000822283049	1.3593708466446	1.56540648304565	1.70679268514892	1.58063836594849	1.76960434830251	1.93506749900643	2.03533196250184	2.1488789565035	2.09287690649821	2.26376289258827	2.27069778247608	2.15694029247233	2.3864927804909	2.5356717926979	2.38369095493447	2.37192625254781	2.43886159604205
0	0.601792579033293	0.993391333012419	1.22508015296848	1.35051110825309	1.65012723953234	1.64399045391965	1.49318005649546	1.86080636439355	1.76592909245425	2.18012392832634	1.85008111432545	1.99760451744545	2.22338363922792	2.36455646272595	2.31279173215818	2.14397678684545	2.50543468610714	2.29622279577863	2.38915820990435	2.43673346082786
0	0.472556490743463	0.951439379558375	1.22508015296848	1.50679902550583	1.5356057156911	1.76839356897602	1.79783212775452	1.56018762346966	1.87508059431107	2.08383910683266	2.19311873410972	2.18137225460273	1.97620624866654	2.32680787477168	2.3966408599171	2.28978848937452	2.4614834690135	2.31635501710733	2.49195186834006	2.39371030876475
0	0.472556490743463	0.993391333012419	1.22508015296848	1.32918322362449	1.70443594941273	1.60284854383103	1.69093704517414	1.81011247958907	1.80281232784549	1.85773379397174	1.98956017190128	2.14981580038266	2.10008317568399	2.43108187883946	2.43267740033359	2.38494164281455	2.4348122758282	2.5352404609031	2.35569037394543	2.50592998538782
0	0.529576785039113	0.987376722828187	1.28907791427686	1.17567469838432	1.25021774000973	1.62964922489925	1.2872920658083	1.55667456500304	1.6062233664564	1.90866298649618	2.17607628308875	1.81000202031938	2.14187372792813	2.29433883230648	2.23210806909244	2.28679156781968	2.54871166698284	2.31100868895677	2.49950127455365	2.31243301447517
0	0.529576785039113	0.99870022045192	1.30748543806637	1.17567469838432	1.41550475938247	1.55400563158025	1.44062505809028	1.62264328625937	1.57570027170666	1.90863557971454	2.08396346037128	2.08301233625696	2.18356080148249	2.37722573562696	2.2961667365009	2.39406388881929	2.44826508579733	2.22755464389316	2.45133960345421	2.39078087661982
0	0.529576785039113	0.987376722828187	1.26080455378347	1.17567469838432	1.27415516258885	1.62964922489925	1.25074486590433	1.48335591563037	1.34244267874523	1.91119762555602	1.97856379815672	1.78944469065601	2.08990973253313	2.49512989869733	2.23735860274736	2.23639933158202	2.36507954774305	2.143631461818	2.42199632100868	2.44906716567262
0	0.529576785039113	1.0556316206165	1.3395370678008	1.17567469838432	1.21903731295618	1.59167798067282	1.32680977248633	1.44453330607971	1.66983800303107	1.55362659715557	2.12071093153787	1.86755056611664	2.18801244306185	2.34052424696124	2.12423166767903	2.34094085032819	2.41562423808935	2.39909458317407	2.47880237665215	2.46609015138723
0	0.529576785039113	0.989890449045925	1.28907791427686	1.19075988316002	1.27574028591328	1.62964922489925	1.37253795490545	1.4722706294532	1.94195483525469	1.80244810684431	2.14310017172877	1.77639749340826	2.09518823535946	2.19309194805715	2.19557358162119	2.28806183317843	2.47246194045035	2.21935806638736	2.53450362541761	2.39639840346128
0	1.20041501088092	1.06600577769717	1.28907791427686	1.06059301568045	1.25021774000973	1.61404535948068	1.55125681933794	1.69125195964121	1.52115991525393	1.88691277742311	1.93597479895855	1.82403122529787	2.39030046970024	2.32555877458696	2.19465191055763	2.38630497591647	2.50276216708469	2.18237807800107	2.5529263619693	2.50254261997618
0	0.529576785039113	0.987376722828187	1.28907791427686	1.17567469838432	1.30419553764483	1.700845087154	1.47781792823712	1.74596026937277	1.41092916157326	1.86534836407702	2.12712317800119	1.81934494493855	2.30478775496639	2.25095816858759	2.42438195026702	2.25054251547846	2.41824847281594	2.37189186123373	2.4529623423421	2.51684451515332
0	0.529576785039113	1.0556316206165	1.28907791427686	1.17567469838432	1.3550745318745	1.67886229306856	1.36880969622191	1.45882232693649	1.45099074359588	1.90151433918996	2.41959061475457	1.76876480877984	2.13828822446669	2.08370928260277	2.28880340600945	2.34010058354037	2.52394670494667	2.21946169774242	2.48242747701556	2.3820786613615
0	0.529576785039113	0.934677987584637	1.28907791427686	1.17567469838432	1.26880269472688	1.55547335163647	1.53574799243661	1.78991423535493	1.98282769033017	1.77493929806623	1.94493133274844	2.07186831673368	2.2664668117587	2.2714083229782	2.38450261760405	2.28903919400885	2.44726481772148	2.42932780731202	2.39903907898036	2.56475131899467
0	0.529576785039113	0.987376722828187	1.26899344759849	1.11339518273819	1.30077723068172	1.6953219524713	1.43664688314857	1.79599662733547	1.47660170064982	1.81745241760002	1.8606457952594	1.80124181637692	2.29137080922228	2.41062527339497	2.1820678794013	2.36744370863515	2.55152891173438	2.23133962828967	2.40737181449595	2.50157657661705
